5 545
6 406
7 297
8 303
9 353
10 335
11 391
12 567
13 623
14 1349
15 671
16 1067
17 1097
18 749
19 816
20 895
21 968
22 988
23 1037
24 1114
25 1294
26 1243
27 1314
28 1488
29 1525
30 1682
31 1710
32 1727
33 1907
34 2026
35 2155
36 2023
37 2051
38 2223
39 2262
40 2425
41 3067
42 2609
43 2816
44 2683
45 3057
46 3040
47 3198
48 3545
49 3468
50 3620
51 3771
52 4428
53 4055
54 4751
55 5182
56 4476
57 5598
58 4772
59 5317
60 5247
61 5809
62 5390
63 8814
64 22936
65 20891
66 11572
67 7155
68 7841
69 8941
70 7796
71 8553
72 9891
73 8740
74 9146
75 9673
76 8546
77 9317
78 9349
79 10496
80 9371
81 9289
82 9445
83 9675
84 10048
85 10481
86 11599
87 10203
88 10235
89 10591
90 10616
91 11099
92 11137
93 11449
94 11516
95 11979
96 12608
97 12480
98 13189
99 13497
100 13701
101 14463
102 13349
103 13871
104 13893
105 14204
106 14726
107 15101
108 15022
109 16087
110 15865
111 16632
112 16511
113 16812
114 17272
115 18005
116 20453
117 18010
118 18004
119 18951
120 19008
121 18761
122 19405
123 19468
124 20232
125 19514
126 20783
127 21623
128 22122
129 23059
130 21488
131 21895
132 22487
133 22512
134 23072
135 23373
136 24196
137 24251
138 24443
139 26081
140 25196
141 25170
142 25812
143 26611
144 27088
145 26722
146 27224
147 28150
148 30246
149 28931
